#calibration date: Fri Mar 16 22:18:44 Eastern Daylight Time 2018
0
1 0 0 0
0 1 0 0
0 0 1 0
1
 0.0027967107664454982 -0.0015763427524508279   -0.99999484676292993     617.64280192974343
 0.0012016276392171226    0.99999804089927824 -0.0015729871652565175      4.010170845151154
   0.99999536723922156 -0.0011972222568044741  0.0027985994644276202     12.273476927942848
2
-0.0021822235492665598   0.001124230260916166    0.99999698699881179    -10.068043199363231
-0.0017071048742793124    0.99999790675124811 -0.0011279565906148433     3.5429929858824982
  -0.99999616183929907 -0.0017095611842048875 -0.0021802998023716658     618.55480670483621
4
   -0.99997884451055774  -0.0064734535014737962  0.00063634196370125498      605.25190360319425
-0.00063435318241160214 -0.00030926967740407818    -0.99999975097412253      620.27051376003942
  0.0064736486906901893    -0.99997899915549793  0.00030515667882247133      610.55546063432485
